100
310796
444741
841860
104013
829652
234232
176367
676177
154135
721192
82269
961851
18812
67769
37955
775959
491476
564035
786942
475678
40520
99140
85467
818807
535604
364566
338096
409454
268994
126905
413804
395636
932451
736481
456230
691074
104042
119266
755537
140620
878798
465596
958642
352363
740198
416845
63070
535829
336115
811709
79448
492138
604584
169443
418694
590612
821350
477538
622702
770740
623473
856324
563176
475153
17844
247886
82982
912554
553318
727068
915934
421864
123255
481437
144416
434693
435683
157732
477771
891127
93740
477372
527507
764973
256758
378693
309079
353721
820875
758685
276242
886193
13367
540302
830579
101149
129494
285971
961888
310184
