1000
127705
723551
687121
149939
386280
668038
326291
545643
764228
876214
566506
502449
75276
555523
816656
748647
322883
676063
692121
41837
959984
134258
701530
490108
691980
36673
415210
257577
932174
881765
178854
767597
732616
177702
661228
960822
723076
658935
873695
902497
628523
147316
348279
860267
702517
318318
652269
789370
66143
806784
8778
984716
246740
242003
480084
151259
176405
737123
270016
876630
747036
417245
547816
296693
216255
661053
522208
833182
455009
308726
493704
689723
285011
648760
594716
118550
997199
883981
917067
959838
100354
45692
231025
589564
560094
678405
929414
769380
384522
845048
768262
338768
443114
269189
976471
635752
574193
874978
747130
300956
459888
492423
774709
696917
851305
250533
61849
944294
877412
354504
306563
843159
724674
878031
926614
63962
205259
347355
958923
800498
450357
308893
75361
952745
274139
975494
118876
169697
163308
725594
407117
637006
899091
177517
644140
899314
351846
100583
46642
299988
204334
742858
495646
818630
168014
611980
169346
286623
690612
840628
820199
349905
136679
334550
953850
122357
150754
197731
580611
198425
798053
680441
354747
113106
903068
211225
898567
473154
655531
203391
389921
713052
627493
435899
486830
763197
222476
855144
732197
748009
110834
390439
395338
723264
991611
266684
255578
230331
615612
84576
932544
672793
412001
570025
908784
460361
378733
667438
907118
522467
943971
622995
392126
924245
665009
695538
419294
289237
747632
427516
458477
188371
348385
789175
841805
304808
779369
824909
378222
348163
65484
325824
729448
678475
368406
425029
359247
687108
516111
237223
376123
906708
869036
866402
306926
756482
493372
924062
453720
296767
463803
542758
383426
871814
821640
157286
755176
553175
643085
771447
382997
69707
380832
897805
557305
474910
838813
292863
391992
742766
734236
548387
410016
919951
509995
50676
138013
161727
41040
103617
224719
667213
757564
520712
452653
579262
370802
51497
129620
11543
1483
490257
362627
984339
889800
583740
411504
604645
902600
766164
481189
49928
562892
68735
53698
612580
956776
211844
877160
465916
406457
306483
637310
277149
621195
400934
789629
275407
677063
304607
956842
547405
736714
688926
585594
345242
981385
936180
190759
45450
805124
815347
937386
669381
404664
148957
937789
132422
971866
195076
319284
557465
485238
227466
733216
438614
537428
887050
872810
483630
942413
198383
182067
113310
726552
675068
330463
340958
197757
299311
621344
407254
140703
343113
461388
377453
362002
661536
672904
944551
440076
355475
242980
242834
553422
891776
15567
675297
890136
240607
397272
901905
82729
347792
625519
465832
25490
188133
986906
541704
704084
649861
248103
909305
313964
918432
866553
169286
652973
578009
663063
329630
397139
949087
193784
906669
571274
339109
113490
791938
9969
771194
373703
40071
158163
393946
736127
312455
138542
555369
379205
948218
217969
667377
149996
280235
892829
682585
326088
665649
645480
162815
670168
259113
755708
682258
511448
463268
611591
498469
796442
121429
343592
54689
679059
503823
562717
290349
885606
180297
260814
602707
765857
188147
576041
389061
398222
979048
232133
343297
50399
455898
219966
436447
896467
377594
528470
16056
206618
202556
159627
784452
580306
279900
29134
183143
406480
747810
588115
187066
876619
610571
143343
332174
331707
8076
546664
803310
825953
847218
510872
852369
213172
975035
869226
996647
619534
222585
893249
546715
61452
298099
903598
362091
890594
264864
182456
798082
965893
999640
831554
128180
259762
310494
762533
833973
546138
151645
9700
978124
571799
215152
476714
851434
40582
139728
255407
288843
162139
175695
879748
825211
765172
682701
680021
824743
394803
294735
337778
429211
383981
417482
948552
396775
204527
528035
809417
933624
786687
322255
88268
306187
87997
399323
2401
359521
667929
428228
652368
37866
276951
353570
661805
710664
86048
140819
440174
203353
536519
555650
761160
502044
41130
239202
281790
231051
463035
499508
644346
929038
347510
424683
602432
530147
317659
979850
786138
768542
675894
296423
638530
22726
615524
915686
834236
653397
456251
344796
829837
838343
789379
119152
584610
174851
193567
992168
965297
515949
562337
593904
317370
917421
933287
512431
355085
409622
500447
587560
205133
985795
189443
331902
474469
832439
448801
695670
118862
737101
640118
622419
495897
320323
841258
54137
240280
237976
862899
312942
985178
873018
582929
329562
580560
174233
100002
793425
846198
868106
574039
635456
736119
314228
81426
213406
413638
40872
595071
953084
225813
148286
722035
922985
858702
291055
429453
327789
933424
685562
282681
911583
388185
525002
746744
16686
599160
805508
574281
195387
669574
264965
29267
922060
123142
567702
406884
205081
884085
458916
613668
769661
439780
776038
881657
56932
667348
416019
162390
940355
548452
11862
190319
273429
564354
889199
769426
381138
785268
551730
621727
154317
697493
591149
566828
227537
254547
141554
602087
487791
632514
633314
604903
642711
96114
190830
311222
439817
563158
882350
665928
124776
939065
91808
900090
153128
297889
144622
626441
990314
755184
491108
89253
696142
282480
579311
236210
599886
60843
106047
964026
70557
532327
616238
385163
773153
132021
522221
203509
433239
845426
243088
157825
61778
208952
452206
156810
658911
685173
172777
486400
660873
357729
256627
14989
373678
548765
532076
940845
598430
419933
217896
470126
907962
33386
115137
487490
626016
473095
842560
516001
667775
848963
34697
542399
760352
442256
919734
115036
63612
924464
320477
105980
904106
893327
361890
676392
79302
331165
265925
744690
445470
989191
658280
909168
117368
613879
311968
961477
576667
108996
957456
86033
141172
65576
745957
596856
713800
530609
253688
118081
720116
985110
27291
131655
955729
51849
267242
336205
261587
555233
68143
866938
608609
18880
869866
780253
801607
737949
832587
496535
551042
116455
163776
46064
618771
169273
671198
847662
655712
610959
390318
994161
313541
963672
418489
35330
507084
646093
196568
232899
85390
805959
618124
121731
363891
660297
631991
244810
356054
631345
419063
659958
307668
713907
364551
743703
156921
364066
286293
233739
718637
376421
342346
618589
21384
157327
669046
976785
38885
124330
128541
76442
653032
553837
48197
754106
387792
887192
232883
459081
272143
295222
637937
584521
249793
775297
437423
477353
686048
60987
425676
866309
499468
501458
659701
892309
768757
14879
15255
559562
21576
913696
831919
409191
998297
779756
545600
431448
411424
539678
100634
902255
877103
798070
149041
513859
217247
762156
323718
833697
106337
178690
699471
917436
950258
577066
783027
466485
725556
391
514075
719030
506162
743084
569207
882562
424177
307470
930357
966000
122452
210682
311975
480394
877893
530614
383173
587390
693281
515709
59381
19613
289482
115600
55852
772490
912038
50501
18351
368531
738670
15261
145542
910002
146949
144041
388058
611825
677449
970204
708878
678873
496849
878970
428517
905006
787224
453881
570732
791707
151130
