10000
224017
680534
583272
148810
388458
496305
912614
955800
862880
61387
731258
132993
472708
616880
864179
597931
924378
183823
630747
728311
614641
623321
396779
52423
692577
108291
83192
273808
281978
823492
180208
916107
127460
18912
767160
889887
934589
997633
970921
209513
767625
573627
665718
968750
501043
379671
398721
51780
766410
751573
943542
574951
926191
929774
751714
929766
863438
961679
546674
729535
727569
33130
323779
595486
40249
653208
717825
630823
593254
650037
733510
722712
185845
855683
362320
943821
292267
743561
417461
844223
304938
285673
416588
143527
849084
715887
501126
500037
834531
56371
524020
478316
814529
142972
737155
198699
998130
776858
766728
933268
677264
887616
524815
658079
951411
755784
708861
449859
279436
204233
98257
594677
788598
614647
908752
729664
962435
564310
569795
198757
329143
401657
909001
793625
972026
104114
414580
944375
291992
516634
949286
848631
807655
255793
68564
393611
745358
231182
922836
554353
674317
878907
598150
839919
475512
196925
845659
545783
748063
131566
693365
984680
562182
449254
170742
845372
147336
286786
253180
304474
352759
461875
515701
382895
573743
258331
548025
262730
192938
95258
977087
200246
430432
961623
39344
936198
591152
330125
935264
664280
690287
273660
20607
155347
989284
577443
920625
229073
221121
836880
146745
770641
651181
478119
2350
964877
898683
738515
248136
612568
957579
10616
297938
632713
718451
415942
827349
804655
448006
158359
951813
825938
485859
881933
886296
635213
513792
986142
747067
627524
776675
95030
235724
683834
399785
848330
552475
196061
559100
362721
958105
326667
66940
773039
962758
396920
917714
888842
779802
632292
440167
638672
982470
330208
641410
375048
452253
88490
115012
832635
253117
935004
130457
376807
856804
985683
621895
699001
901833
357873
841031
29292
784876
358623
555953
830716
599968
975559
453764
952291
328569
842404
54153
969860
93511
492040
49975
138267
527948
387582
779608
421829
227979
318376
941756
849384
715767
467450
638766
413188
465826
798645
845526
234746
139929
896333
760645
937539
24198
691802
416139
235621
956716
657601
202479
985549
806742
734599
824667
115228
47825
48360
348689
882239
772963
984950
770825
993389
47550
377475
152866
857305
403489
567142
350500
787495
284098
665198
488887
606731
361345
267821
874206
162162
700985
965095
830204
496079
437345
81032
121924
911245
114457
966146
156076
876636
981408
853924
252435
569107
448663
185277
404613
249593
544336
530002
337300
738338
251612
307524
190577
241609
156273
584943
502495
197007
848442
8118
378621
336434
164620
423087
872158
448283
288800
824879
388674
647397
687460
400021
438816
116400
313419
27030
963685
960745
956645
598223
40483
78786
470932
24025
22803
742360
495956
588978
415022
891893
225540
472749
625670
546201
623859
138485
721784
689823
458018
93829
45669
955524
226637
653484
826917
173919
995554
168692
153254
449633
965096
287014
80231
157095
854268
235632
626551
351088
970688
229788
708809
206399
373825
169764
484207
584220
554996
755399
549154
8021
469583
637080
713041
720918
464806
997916
943015
914402
144855
227289
575715
996954
255955
131744
933164
516687
38620
226467
970838
389574
582343
755025
899487
699067
786670
459341
842756
621309
437567
120861
382511
552749
815590
992250
806392
574261
844902
903164
65636
122875
589845
776439
601148
467989
261291
166400
622566
644943
942405
336548
275914
281804
332847
347719
530160
593338
546991
387816
495667
353873
453846
249751
988541
439046
743827
652193
951228
337539
976811
252049
969073
685691
47323
953407
52605
27641
809718
181108
875999
348264
695644
417762
115781
973362
320596
900852
135531
316976
735076
581250
933339
801933
345090
290599
31960
996662
921628
527656
491430
182098
834653
555906
916609
562310
325169
31832
838410
118608
837792
994301
788803
349575
382173
366280
883273
379367
705732
392112
960163
745674
262183
927303
425824
665935
630384
661806
553825
290736
999423
290454
489483
247809
611114
436241
624520
765499
975708
358906
721664
67245
17111
503956
897156
814789
828645
338555
162193
42373
275291
855009
347752
808791
545903
641881
692628
524805
275780
653792
751787
543146
974956
111479
364443
18934
805802
598308
835203
336992
769549
510558
80344
231715
266806
607875
360719
633539
740897
864298
470271
939617
192327
123866
566881
969173
428033
449745
345589
98052
437169
451616
209530
520226
932193
512706
97195
157889
669265
430099
405365
502754
623558
909409
771568
927645
65025
895684
581084
531391
772656
222062
205071
698338
423645
637788
307044
802398
725511
443237
762722
287201
107484
78164
103508
483594
722336
341893
126215
306283
976442
254345
662558
896714
439209
104376
864504
545272
446948
266811
842370
312287
820690
860715
164188
706736
640914
453616
123534
794626
712978
544380
803950
763655
359077
122134
283469
604554
987608
287957
165499
399850
738465
17887
881145
461954
455418
907197
151870
919342
298598
899429
382615
937207
689368
417881
982777
851052
630869
49705
8564
310793
149849
988298
906105
69446
747376
184849
679118
824450
995710
194617
791271
850517
631313
532692
976308
661
849424
424256
667039
600693
149705
22535
369300
844140
804749
238707
359121
983401
628479
758403
4748
464064
564934
104671
788710
897436
150163
889757
108509
246655
832484
434344
394866
191174
480211
555454
376624
439612
810701
595438
751423
504421
756790
300264
158674
293223
823147
377135
365925
855088
802386
25713
883564
664836
954834
707263
74332
163209
188789
766302
764755
802840
190415
32561
518242
835125
224106
931691
893323
869694
980316
587794
546478
536838
295586
287292
422309
855944
58175
649217
657196
164857
757697
818480
969927
424172
872304
854864
573583
235559
104650
357675
584798
33482
402163
419398
22920
343912
468595
813903
828433
207922
481726
525828
802758
713018
119389
936123
610880
986751
580825
518276
36534
264823
364756
655292
738531
613374
49543
165501
679768
827126
837686
753009
731102
204969
274182
279134
703606
903850
254406
12228
292518
414379
229474
788557
803453
853072
901014
117725
107041
617070
815288
531856
336032
777502
65281
782965
544616
766715
564641
222065
389073
51853
967245
608603
213837
500431
518150
98316
201111
347524
835628
391278
546727
527770
550531
126544
686420
255178
884613
689557
544220
2332
296334
699123
418049
240378
449019
825744
443849
252461
765567
877126
406683
537496
613503
837713
285402
580621
394866
886273
990413
762111
111649
55191
171542
323024
172881
780912
959738
388324
873069
26696
519474
396605
516074
434571
829452
617269
169791
619616
202582
363323
91656
998970
185541
377477
116036
902396
476737
130850
68442
382109
142738
134161
589173
438028
558392
627488
310628
757441
46124
828439
398558
561790
863990
97326
991
681614
941637
745301
681577
303301
916139
502066
313619
863226
676058
135833
231308
106697
923982
509802
388664
21649
755959
866327
704947
296065
395735
90987
199166
269427
729398
565876
545324
506631
490882
442636
581915
771440
677161
734309
841054
63954
800577
567417
997053
862590
198723
974892
931546
566422
16946
555390
861677
687627
889442
69016
221749
930871
398227
817544
180666
185198
735172
187401
189916
704508
583136
846940
177475
384714
821811
406561
699171
785645
350368
211309
879871
507541
556332
615212
969120
397539
805385
629336
63336
804342
351089
215048
291982
86768
7865
912405
696862
263730
660761
535116
324370
968136
77978
93422
231668
532015
669934
241116
581309
771937
250015
384990
77327
8970
247353
739770
659653
15785
451023
294862
812662
346277
713412
773
237783
555018
377250
904086
523225
771635
69057
786026
136168
745303
859750
76764
133775
103126
673918
261427
223313
405738
486774
557743
615549
48786
581118
34326
240937
861017
271601
780344
498638
179647
172941
990557
187086
885708
458066
711817
832995
339996
887373
602067
564390
404901
492844
489305
394765
406216
520889
292805
749017
692291
277993
922792
10582
309719
39
703449
615775
417222
386707
511043
319752
169104
241309
418253
350843
790315
704293
162572
718325
765116
364864
712599
994860
131506
201105
313601
844196
28749
652877
477765
275181
385613
454883
141333
128924
455741
909989
964033
272064
491680
421838
265865
45550
108366
600676
655647
704018
146077
540139
514712
522309
236939
584378
427202
373786
19394
660534
163468
214774
478306
287190
202024
971662
736642
296506
270645
889940
963843
979801
279025
170638
453107
696324
403781
755059
69882
767171
801389
254996
924692
155990
336812
528952
544807
761233
201167
475027
275164
851891
754
677426
92936
451054
275023
668213
634601
389471
587241
996806
222494
48660
591743
739255
300840
413869
559503
880563
13891
352008
485381
458284
389043
201160
751773
26311
866220
768119
102586
958255
661079
276731
180256
166187
264157
601059
73306
52678
416050
52878
645194
444155
905960
66132
774744
506009
155345
810636
631131
593428
294702
299257
679738
955744
648757
459335
320677
993895
578989
216733
394972
985398
451541
388174
518430
678299
149727
423125
791408
994281
184327
465766
564646
410053
851852
606676
780273
705023
141296
162214
493794
963882
263209
687365
129846
194297
493822
719595
929744
72727
236846
272930
184067
50920
633338
308153
546253
237290
684545
703094
298297
105960
648014
15526
260252
382840
235632
216947
240622
792291
380881
997840
839555
96091
269846
357901
91506
852314
820372
985674
997620
419774
734572
116613
130742
803688
344215
248184
285553
528201
934211
605023
404306
713950
571341
451675
160492
733142
44031
449466
271341
646260
165890
756885
658850
864569
21051
806294
102246
943582
745356
79486
199714
102106
236264
367763
103194
995329
94260
456012
646815
554468
12710
527570
521751
305279
774564
526369
14116
335592
935191
975917
575379
528447
90191
471819
495929
956969
315753
843283
514206
725957
83231
332250
434588
928320
85411
782112
354194
145901
212423
349679
37355
501014
452655
281870
993138
914721
739727
103721
587534
144799
827523
426475
763491
538847
681651
45604
238710
77092
465053
819144
104274
693869
916557
689123
689412
803050
953235
701813
787849
902172
634492
754534
975900
211098
546879
809561
568401
39042
28827
709518
832785
459194
7764
646205
956517
564415
917587
606870
497025
885194
82743
335396
343311
429116
293962
350220
896859
924529
398296
310383
553686
37576
935782
25106
962325
970879
137824
765381
354927
193681
124993
439169
347648
247758
197522
869534
567132
407845
133854
326209
254806
624736
602878
157212
816876
98244
484921
657995
839930
811010
425545
398916
639249
451890
543066
331840
1691
873009
612263
907907
70127
602083
36506
121042
786101
441944
636653
885717
708805
713306
181895
524355
113004
684348
573372
626626
333376
252136
121709
366610
512860
857847
38541
918504
777505
451898
469350
426274
482471
399704
86727
264981
494776
894563
257086
383395
328797
294482
23847
781088
332318
367487
905915
720660
541589
261766
484088
170430
946160
988111
106243
634381
899631
177057
667446
914343
619743
432063
12348
176586
654474
173688
105844
105564
556014
813702
682868
180464
269335
469636
949592
179050
281864
508245
73066
465682
818860
160153
534216
408
914389
421541
393834
173149
676723
335873
630082
284537
2679
152885
898292
447650
578042
692447
747633
470387
495184
73048
963936
609520
788050
527115
831781
558672
512292
221822
729943
893399
7722
875814
433357
376465
28242
484018
200401
124391
348222
518589
979442
471571
119825
574696
291263
616425
153581
103283
845743
16484
448600
136164
805700
390280
728730
764722
691312
78983
835982
538996
842362
492805
60312
366538
571184
351314
270536
489387
333475
397372
781199
530273
62446
783354
415937
437922
347012
540657
453094
837718
333152
668383
388672
367592
616863
966927
54327
654962
941578
840500
589627
5752
728516
836820
484055
970631
322536
479956
314555
304463
124113
340268
705661
663557
863091
228145
662809
954851
926713
349849
22004
277369
385854
494814
802278
768734
172074
928013
71434
656202
239382
451967
51787
301690
135780
475774
162001
353772
206666
382979
143583
858106
404489
723377
540389
92743
576994
179026
634619
335829
481696
735286
47633
417073
587807
552137
613799
314841
486023
419217
332500
290704
113139
112226
26065
148154
927260
135962
963176
83778
556218
952056
288679
365297
324874
912356
208348
64312
988784
524238
320382
743714
753051
862205
984261
870080
993128
796138
665366
765711
194102
687499
328126
283176
526974
233427
160289
305382
884027
364840
601037
911992
435844
570997
459815
536923
844279
327588
514813
424930
553976
643849
417042
864225
210579
618180
217849
129565
111364
623791
326241
891607
596564
669005
669562
945060
976505
891604
621366
827621
150542
899658
590821
914204
862912
82212
598218
406491
11805
659356
964511
111996
37410
120558
974306
356248
907903
324889
17873
244090
817353
172050
118444
470108
581597
44526
956905
597614
956554
191462
145559
997585
696791
770593
675361
914492
600706
15522
856987
583694
350576
58316
632342
357317
511744
892962
350326
471116
974006
522379
619560
571030
576293
881823
71798
401357
818743
929136
675380
28263
52300
552430
800297
880499
72798
317455
878940
657127
778815
612075
888715
846836
518578
566513
263879
99201
647484
954339
872200
859719
350936
276302
338046
603000
415665
78647
461367
428488
231301
951703
398880
393306
733254
961841
469639
353773
771381
596709
337214
902327
632507
817078
313651
262745
190908
629986
62452
109037
298505
810473
657673
161142
699688
312510
283404
573989
52531
865337
356426
656490
275062
524170
738473
527542
525050
30341
337462
542374
357435
262246
406597
351842
250223
532281
871664
563418
265329
555004
485765
354147
312358
654262
236576
370648
113
657278
169914
439706
863181
393755
147482
860654
298863
789088
639076
931820
107598
106700
341232
901530
673947
403242
3330
539601
378304
505252
585021
603348
640057
922714
739143
3492
169705
96864
13696
655261
320005
251041
462135
482969
9509
592247
199499
32007
318534
269206
728165
219667
559500
965324
341199
189147
65408
82008
767612
103835
308589
142558
205348
332508
615602
984110
926244
89604
35684
398858
770846
562963
593527
965245
210684
751826
54390
731409
548946
370074
349658
600188
178988
893499
487074
42376
148635
665269
661769
606617
600883
737361
18220
658511
624762
771167
399502
214178
582860
1261
829264
283052
865991
322000
808740
730697
348268
778664
707180
699656
427582
257798
964159
691333
522768
684436
131432
390505
286008
372781
995953
47302
197030
968679
725802
613781
991595
988874
563199
985837
963342
429374
852079
306029
781091
532865
74435
468552
140411
28683
312960
886144
335738
940211
953029
392622
12756
987138
18216
451665
534824
62512
460900
93618
400591
962028
827248
662447
976632
318262
323052
662943
188491
37992
609169
606229
385729
95000
231163
855436
143186
292301
562085
534609
469942
721505
118245
490845
278020
749812
557309
162489
308409
341974
626644
597384
248172
272984
424517
552518
959894
178402
251257
884020
254997
354329
816539
819303
8114
4165
642373
812949
81039
847485
390989
310995
957315
605109
816338
881297
675567
813339
965128
416128
25768
184647
319440
695689
965807
532749
146680
525751
475605
859716
208147
256577
202704
684878
511740
219488
428431
606411
314394
504447
131697
731763
788863
54340
518441
82551
623224
749057
694897
460956
77024
479719
881285
689613
914233
28274
59903
645940
435814
43506
359125
577092
62370
399037
959717
949949
708651
623266
717287
290967
563939
20553
370363
853928
284734
686428
277106
623232
429145
703650
846209
955973
702201
274774
834271
108690
990834
986040
777582
954051
780403
750719
920982
680082
862200
421123
822085
301823
902958
176556
989292
320916
287505
282127
77594
435338
348986
566713
38746
458416
448365
163203
868857
850096
698300
623431
973102
862246
134348
485044
31509
394476
614246
154549
573895
104836
978522
993630
661465
575418
235016
922198
448699
777963
858949
230457
508551
912508
50970
511788
896134
261565
88693
656659
871779
313482
677406
579588
878495
150586
928375
961367
917856
296423
978157
718670
728833
166990
323286
334036
665940
273822
971754
409858
143114
162005
726755
591684
753508
163755
133936
158461
398832
718385
406726
222504
68157
361371
99352
811820
121403
78521
992338
37379
345848
684641
192548
700838
603402
106107
527494
217645
500187
149279
245252
487367
997967
904834
734798
471082
651619
765042
471280
549929
828934
911488
706559
15354
135782
429185
502021
23093
639872
810007
150317
972275
73993
725088
252319
645024
122722
952061
554792
17129
740195
554888
854360
17517
761480
348215
430993
330024
916799
980781
627112
467589
377108
197777
156493
573289
846674
889912
910280
265063
661665
615239
990532
488364
631054
605224
488954
988484
772022
809614
359300
384987
574711
449738
706315
826259
114332
298334
468498
427042
444587
776408
775640
909268
41128
271493
317872
107189
38027
144947
839381
962301
267763
305211
407933
397123
870251
253595
915576
12601
866843
148831
282797
304975
526926
79509
857508
753117
427412
15703
969908
843484
255093
985985
185960
885539
489075
534533
940985
510778
42273
938933
105244
518656
30629
204721
226722
166339
590679
291383
77909
175772
609427
300045
892252
38841
819157
770185
320160
601083
864089
547252
674900
386908
442085
132344
224840
861319
109053
156375
343122
6146
41960
972064
78344
938897
880464
771117
661768
338035
672267
864807
686094
141231
862290
153634
340391
612994
975497
757804
911961
932218
63330
184019
714545
252066
352096
242353
373456
926637
546830
934277
283002
988678
75112
511721
938294
837991
155589
844606
942264
631045
711212
132209
751514
216646
9429
606168
962019
745836
612697
750480
958140
57424
684507
134770
665904
641685
731591
823778
897110
426715
958511
919756
410101
247629
636636
480271
931338
641008
441557
507401
924143
733597
13851
259401
269258
4483
767553
216262
174666
187039
653415
570546
434419
907673
824512
540700
117899
755678
527367
250123
482422
106222
524984
133410
649138
341094
858792
764984
437417
639780
643710
417665
499149
69758
446547
317890
901569
18535
316803
800226
302801
796833
777472
437799
21722
350471
552911
136929
107866
741987
326729
351647
710831
877941
492466
548448
168712
967491
821983
726827
583911
519787
194239
588788
722815
291366
664642
314620
857100
684283
495020
243384
102722
511126
254313
619322
524795
629437
135390
767246
42524
613481
698378
174826
382984
124377
25005
794914
318172
693173
144605
234087
352668
117042
783085
621314
233490
182611
688234
17475
139314
356525
950388
409719
721341
723602
472960
592572
890158
407504
989953
657197
231081
615604
265904
1718
289583
337440
242885
400017
479387
206273
132684
451477
878701
267265
30835
199177
610148
759125
915766
734950
10755
433202
477921
948172
723958
940761
73204
103255
590942
96618
780054
862457
770966
16108
899448
644057
682768
677375
979534
971484
847208
825426
610696
272568
881028
411147
54425
550267
304407
95138
434177
101688
22523
781375
435998
552813
780908
250920
450890
529332
560059
39849
26321
130290
925679
862999
117171
471776
200607
174112
883102
723002
68521
857707
154545
941020
974567
727530
279459
268319
642251
298682
41309
113651
959436
845002
952112
328156
803497
131542
410911
953918
745069
888407
543224
231436
673415
839603
775463
247424
785410
356041
364669
193559
639505
311380
852617
379844
226726
421990
380960
164992
953221
70246
841877
239405
431316
733270
945996
408938
319810
801503
787091
591176
682621
139201
986467
228094
15314
146734
597325
2972
669803
207725
897279
528031
234655
389801
686297
578450
821328
357304
907711
347488
797943
672437
584986
387244
2546
421023
697924
507129
994850
319456
520643
406054
220619
406688
758503
935061
554655
274762
999864
780618
286061
567211
911467
772361
73642
773521
375413
686975
755905
570803
616461
316236
943128
878833
537889
628933
570795
248170
318127
284032
291827
653827
768088
229149
146369
902081
813690
47119
428132
129966
303307
993169
529556
936318
792180
560618
131058
651036
736798
203090
679480
759374
727942
533266
579725
219261
879768
270845
387955
826068
474163
170784
167766
266277
421754
838571
222359
176357
354714
173353
257812
985041
777497
122923
415461
552885
302426
938688
438672
712262
30175
168336
193866
500528
375104
46339
985972
185885
653687
395136
929098
203122
408405
444222
83300
335844
21502
115739
753659
642958
21153
578537
314679
30600
71869
418817
785160
616170
209794
10375
483497
765086
812763
230409
231339
194523
491546
936257
761378
943960
545828
996581
65416
245798
827939
601241
919114
166084
97179
621122
726116
181586
876965
495753
248590
587253
313435
507520
41069
108130
227609
583254
597418
429108
69520
23839
828852
970569
316535
338284
55294
413979
293768
221326
231259
506196
211708
269583
722596
387089
189559
587253
342666
887543
701819
889034
390107
183428
518270
14297
994101
12026
968777
943300
644102
41318
524948
854728
830683
824950
369585
466422
159963
190554
922122
264828
338886
86204
121676
893618
733098
89605
794192
424294
866883
450267
390215
553011
243682
535861
821082
273458
619549
308658
309957
581435
176617
316414
48569
374644
32553
862333
972629
252809
47461
962678
447209
550813
592247
373089
321084
708214
740405
651116
492959
947752
265256
511103
817509
394465
578094
412194
955548
406891
683998
921943
144900
135950
682614
893661
293510
985599
361640
394150
372442
911899
660880
477640
720933
171791
303345
840761
970532
826889
773006
443952
992266
249678
945495
514859
418431
365080
655897
256569
575654
767834
274736
599312
246909
501578
554975
85505
532002
719925
362857
170843
856022
159565
152950
740013
8956
721395
27135
33545
768317
501686
412292
282967
418846
45864
795127
71650
29543
979949
279500
727685
11900
556652
290905
560578
322958
813264
158456
807244
907029
679150
58406
412802
143080
424215
322915
673146
614564
44247
280555
83358
581712
776260
256516
414982
953818
147116
717609
215571
480237
348114
33144
556229
11680
37402
92691
406827
853595
333995
22425
221756
924986
233418
668986
319304
559230
494251
364747
924003
602111
318860
652890
664057
548504
732680
515359
81753
477991
106476
748142
322588
752928
219472
64723
689458
247200
245446
972205
311452
600001
268296
871693
545649
818405
661040
655291
582764
104091
527194
452052
349925
688256
331930
962886
81853
514154
723608
695330
671804
736076
361592
143511
632853
238415
901267
868102
560373
239910
594463
806336
104802
94993
512002
257493
102695
378100
184185
264855
810249
786083
55817
443292
477859
357077
652586
12201
565007
234251
739860
341484
856003
600710
687431
514397
229445
144040
513225
408787
905105
737625
302627
36839
815107
306793
243852
814592
590823
250294
671561
515877
363324
211028
425448
934804
750083
171007
922950
114786
713972
53219
987892
989277
941729
928883
838498
27322
987534
977188
999657
58160
538243
906542
850266
916683
872399
1263
163041
72051
109202
678087
195063
474464
577189
579831
527226
721120
630005
854473
597888
417732
641114
814655
332511
712340
709613
512893
736762
749013
178958
596962
227006
82219
709794
567978
195635
337467
826286
642175
444010
690912
321624
532545
850363
710765
793866
653788
896698
957429
610722
609210
801118
819532
868145
989806
679648
723642
930239
128818
698863
898022
412658
25061
652151
140256
912943
751900
716301
660803
820292
947610
879003
986687
442551
116919
451699
971941
953654
276204
21615
66980
293815
932103
132368
708170
363797
356927
643383
509762
666598
107871
978254
104233
400594
409431
551963
356150
304355
298377
751994
16640
136682
927702
209843
428235
478466
858650
888786
150236
475605
894094
282407
895191
72600
721066
881868
572599
929770
376825
828606
785371
583114
534595
845462
345716
766845
797106
147126
55361
418781
520453
721760
942271
231048
695138
833318
760102
342086
717937
866569
707865
958757
394931
628978
463180
55639
208095
112581
324016
943537
482037
86172
921144
134320
149534
267340
304044
192408
564873
392146
539503
577359
723417
560783
349714
895468
287381
789547
440641
617684
898830
570410
980554
85455
963444
3073
923038
402075
350193
814078
38528
568777
134505
680787
210462
508952
250838
835481
860506
143549
913107
475151
698463
172122
445051
228970
985043
509579
632550
552485
923794
964160
683715
487769
955987
496982
518257
140496
269575
330049
703815
754056
402577
980080
325689
612093
491212
598249
377235
371043
199802
753168
957543
760758
494829
655024
119599
459426
290617
180715
790934
763984
286774
661564
833761
303397
377790
757118
938510
53346
798853
223731
715126
871742
142526
277527
14596
720899
767108
817688
383948
736219
652946
772886
175099
624090
435231
741977
257905
703805
695638
740089
267690
217970
310321
168567
896895
502918
885799
893717
281908
640844
875361
917006
205862
401929
883580
605690
650633
951297
136055
877573
843511
695589
854466
388648
356772
205784
626441
159882
21229
178650
5737
304593
700799
144407
888775
700833
110004
89727
29130
502141
392683
788068
142292
283659
265973
594296
547225
494663
574889
603467
882255
637844
428154
127664
296658
61633
302906
173394
733572
731858
328835
152829
478800
465719
188472
800848
155975
416071
618714
55884
307249
500810
578057
702502
285654
796650
972916
446402
698955
592528
481641
220713
990317
516537
125982
946219
643402
917730
384042
578266
383553
483103
69298
746487
286145
40051
458212
218599
729441
347594
618439
737188
753921
138920
355677
530128
632528
782235
411688
295457
197676
151042
748931
567809
256780
147657
288096
963797
408790
821976
123669
792354
119323
385577
121435
419685
553905
747890
209629
649267
711625
189775
261107
547150
91255
228435
214364
620089
47812
776939
742559
998593
292605
984064
871431
539164
781942
319519
889902
127341
211249
991094
327849
414718
46382
37887
729866
871601
544347
112694
207478
729354
95274
547212
891124
530405
884094
338899
322409
103470
490723
392789
528119
655989
41020
14958
977081
898539
435375
197149
697271
353321
342198
961594
402033
942872
186770
597961
773604
419288
80327
758406
380045
278267
710666
854940
666703
341263
810780
123514
954113
10463
543839
120318
795028
815975
255227
935637
256663
20436
897554
37933
810572
314226
837124
447180
674321
151268
58433
429134
616870
759261
325994
527446
568462
883021
734581
797719
900736
175732
565820
443550
906699
650005
617146
163909
515766
954216
226964
166970
224807
605535
89801
603442
365308
294952
308908
722678
226686
301068
367757
242924
982193
300487
982084
664480
358101
309208
668101
174128
383773
937392
272837
830603
355250
257718
162994
266348
177657
490113
710493
85181
127505
470902
322025
5783
273900
848154
239416
500401
562780
549504
542381
539760
330290
780882
416668
64378
656198
61591
545949
549892
605592
558730
547695
827170
112476
945398
889676
53158
693792
865822
451160
976909
403085
376444
723712
860877
949684
415789
186600
570492
36325
227240
913564
216916
458035
387257
103318
466617
133360
491416
922416
339947
577576
9991
867200
786643
654959
102079
554144
752787
512574
86058
31210
923539
498312
25761
456877
187527
337268
455245
851374
384514
146297
357863
876458
300647
87829
754805
786554
218723
63495
475225
191668
50097
244616
222552
646619
12863
468630
114771
189970
551967
141651
613926
160448
885651
196345
471922
387663
615847
4050
278695
911053
946663
510461
152271
411672
466183
269496
138744
162264
114983
266879
6024
460290
709650
639188
317460
603511
754470
178012
5227
794377
598096
394074
447376
383846
411628
256752
406762
156200
839441
610610
858578
248844
245750
226759
451735
279180
222045
687673
60686
450597
114003
450014
517600
828591
914692
506605
429005
820090
361286
641901
795798
113193
267988
135587
820342
136062
110060
233938
397165
484322
392615
856134
66958
429606
323508
646364
208763
215774
745832
47648
747744
979635
431132
561371
51083
426200
337949
729021
158775
266553
622723
877962
939140
973406
527031
229400
832953
3510
613778
924457
614155
580097
705709
659459
817169
965220
856356
109730
896943
648548
279296
275351
665279
174082
437395
55449
399155
512118
578736
340254
796518
113997
872628
665139
38102
292369
372982
663594
984706
829886
649866
194820
350191
802509
670205
546411
153102
2983
777311
538730
952927
218639
232888
361950
845333
846763
960626
547837
631005
404357
761202
619355
951657
276558
336632
527273
130656
158048
60810
354505
935593
257867
697066
954543
825044
207432
617720
463264
941290
4583
436268
700905
845658
848335
711107
847820
768290
438850
259177
813997
733916
2938
432315
266105
544593
959075
676969
441181
633776
494857
483063
930406
964564
574463
733045
564403
919086
668182
953338
44394
471664
111989
464708
453020
600595
490187
287584
124045
626627
632627
884728
432692
854857
354800
755781
838624
353341
314739
389237
456121
172959
304981
498114
624826
500526
423911
956053
941811
689801
469582
784801
309923
736031
628162
167373
443631
121818
149125
797554
252509
258014
70264
656953
947401
427998
456569
21026
947914
434591
629074
105291
904691
809946
984550
671398
740129
369376
543201
398315
732855
336080
521498
10215
40520
721294
685745
306607
469245
583332
500877
553677
502490
783355
288368
101382
760066
184976
702813
972072
864407
669384
345651
809287
132842
153258
372317
470357
751690
910697
628059
64854
416922
578239
720410
563471
166567
818512
164398
823272
151067
191207
377988
929283
458618
950415
654645
220154
801515
631023
198936
60755
121968
456505
104680
967351
679108
597952
975381
932749
128212
499824
1317
349838
617910
210127
740256
924040
322561
699400
137175
293421
662425
839380
709531
667534
462035
443793
865019
487298
525016
506018
263700
281016
7675
176112
784955
649401
204080
657708
883301
753174
81673
566427
72243
755958
123872
503756
244988
59056
560308
587445
700762
125568
867961
223897
26319
567822
41194
397431
170420
731638
482221
12274
136454
457731
883935
959138
280178
992024
158133
417712
1659
435403
734470
54275
930941
743577
284009
928026
864531
66756
420373
73781
336634
754511
47828
798781
33923
9877
304169
392622
682768
430563
16371
269968
366089
176228
291016
305000
7322
540622
644454
830366
144414
755180
542838
349047
995515
647763
45803
940595
897887
769607
910942
31880
711375
16171
621280
723210
20262
432491
364235
743378
678760
996440
856520
219197
582473
806253
695489
193715
571079
702333
899231
79450
4502
831993
731028
673944
587840
525291
331186
745081
106851
893129
36878
908791
960723
991965
562435
897144
488334
962799
486475
688313
981606
933276
440952
19756
496385
380124
146832
852556
105831
143845
191634
431010
652544
538091
975615
137940
527047
94334
395640
433892
966624
93576
735073
467297
865216
852657
998154
304396
660998
624412
30450
526651
380995
276254
530261
127597
216046
592711
188938
83152
591310
8567
326199
792618
493571
824884
828419
142563
598889
822424
825714
345994
768419
989031
737910
823161
483284
805925
860509
225815
73756
496390
748555
899997
873741
579286
250150
649750
27540
717476
752506
687017
252755
403176
689618
397046
733293
861070
856783
248297
970647
807350
331623
446683
986457
262610
805626
249248
836065
894216
206757
610721
206501
676688
311447
873025
350614
966606
425364
439573
375262
742444
468555
120663
975493
406524
813701
980582
590167
142581
856586
562290
451622
602979
263266
876215
321550
965191
309235
486250
311243
274170
797321
913539
467490
689348
613899
881928
731959
661995
153311
328217
145045
354918
15944
937340
660546
500503
943868
498466
909315
760963
163164
640854
791685
318928
981152
840028
596976
175427
143037
842262
48443
801545
579037
467372
25246
350875
84553
689814
107871
995796
659796
458434
997471
234937
152641
770492
562359
565273
309757
246868
657323
127912
651183
69752
194379
881696
787918
470959
55001
892583
515595
814833
140892
278508
965570
658252
554833
761871
846569
189622
197887
301684
850403
265093
103766
933897
261893
896208
74567
911723
983755
416450
864507
496938
36981
238399
755825
191412
879747
902602
417741
254778
98520
877726
194034
55550
161994
24212
844800
414528
101754
120771
450936
556469
283890
904681
493203
641239
161237
618582
323363
522411
588418
785909
478671
188819
26423
508818
288861
221014
687056
2821
728906
249798
681395
848947
37135
382596
129824
386184
406652
18449
644837
638235
801432
227904
219684
281489
261909
292626
992099
561774
191146
529513
987161
648356
725750
625893
175859
458384
537996
790870
221131
270270
920032
474226
750352
288135
554170
617545
237694
854554
508407
489341
745432
17970
152937
460054
824715
359780
1199
103732
91324
51980
139424
815873
912062
150929
501786
770651
891072
686461
209485
742639
730463
830553
322156
326311
11477
575456
464116
744743
847810
758124
577692
42729
539606
960159
626553
347083
186393
105482
731208
755936
109698
983397
125578
400098
998738
249033
191766
464377
350929
357212
731515
539740
349269
99641
724355
619398
408383
380753
972132
43608
900943
178486
261406
127203
666086
709880
1516
436061
591874
424884
218960
32822
267207
23052
598113
2611
665242
964282
934800
954599
829844
168770
229402
141417
755798
724188
789187
528971
792180
256313
401436
499625
953309
320503
756529
799723
353342
184604
625674
735131
804662
31334
61735
923076
226508
211802
376148
363855
630542
750743
679518
278893
35826
584316
626842
25389
336846
6485
325534
511211
958514
349026
106406
54070
458142
411592
606743
875166
261990
266541
58789
300414
623664
161802
220310
475485
290217
548238
138989
924203
253577
7425
238316
818565
76468
44861
621725
912457
630409
334932
229970
780223
654629
630544
684111
903314
820452
536529
188884
527018
551511
591106
17851
548585
275248
199190
280668
504500
648789
203720
234803
45522
882888
359187
291824
579110
829693
780058
110028
611073
549580
154313
369292
295223
476677
647512
613636
40986
49989
136665
969726
748917
897681
356173
58385
130406
79294
113788
519279
46593
888524
299956
37620
922983
159044
110085
61202
598814
386010
810639
919912
961080
705751
199072
627721
606803
438024
117932
560107
76287
587536
853777
817900
644025
531055
345803
494757
915846
664017
504311
421730
946808
371210
143307
143540
322660
11014
400931
589026
9604
750252
209827
946962
259393
440052
5952
689278
216269
534956
142383
945155
36046
815623
295097
428936
177751
270433
758340
99767
355849
803973
694939
74953
102425
890914
359792
670605
536547
588301
930102
793862
239460
673074
488518
384770
195728
992742
352899
954216
115312
964710
422245
58732
657951
128840
828251
907476
144624
92791
573550
253872
639035
705784
774197
937245
228436
139420
830123
300040
135119
914332
520675
763194
134780
603578
837091
290038
594104
852008
602563
354127
451186
673978
342332
405963
721010
737141
526141
860630
224747
754499
727056
115606
66913
246980
62404
218312
157157
631902
630414
648436
628787
712939
679630
630805
754238
606718
945792
700966
678763
177309
660206
908991
816107
478284
679255
608465
438151
186658
102164
618689
758298
919199
570557
40573
22782
45435
247269
56537
3377
459748
972423
395099
752803
613205
102318
508449
637231
175345
539274
370056
107814
869506
875307
881707
761990
193911
997861
530854
934287
73933
764436
830103
381892
246310
138032
279686
187534
954801
546099
412198
654374
977648
88974
18361
487569
922986
66640
665355
827487
975644
880082
824190
565015
312633
117550
566413
138564
58618
50023
772789
186905
740891
659797
943166
469755
714434
426051
126274
950312
806228
300889
526302
6079
88474
587607
20510
550744
615290
28204
734918
363644
813193
799864
922763
105299
282911
206491
862559
307268
661493
831879
684426
683026
391794
831622
385509
937270
143054
994059
267637
926676
858439
608874
454727
50641
943825
635018
475831
892353
393794
361795
961934
347185
152420
250077
665372
887708
196470
588966
724703
186414
606905
423059
356202
680233
611885
984614
663742
141598
251881
165970
400934
914567
955340
540373
73874
353291
545078
430528
213357
197078
830775
40926
488483
400208
913191
152770
826434
541210
563012
352939
3037
401698
144881
674911
853257
732518
876108
376456
342759
84963
686625
667805
603539
968031
632451
282365
951410
265700
44534
422325
569400
837733
801834
836177
635497
720716
207965
89088
80715
708338
130624
829048
263961
352137
590692
404337
106662
550261
492986
933595
550089
537150
781413
230230
429173
118864
293409
939712
125940
724352
287553
147351
244197
417700
67607
38473
901247
363831
332000
334242
565160
966614
739084
777698
28378
822196
29858
384361
501261
822530
545833
63315
571317
176481
162573
363530
610990
943999
631197
450865
748221
793050
332905
605368
955764
773762
769574
686655
137937
640696
634710
155510
335582
579522
320829
583731
622129
377892
447521
812072
102846
356940
258853
445401
815788
752227
619996
978235
179418
127746
667179
298341
172036
953671
441382
311689
533348
803877
130364
296012
48223
315703
705805
151299
523928
305784
964926
379279
736264
364479
509151
396195
718324
182563
370003
573637
838523
882749
945399
666367
814675
697857
99988
102956
206085
183935
427101
236704
974363
512663
251758
825213
631166
43887
721388
805672
520386
918118
942801
695052
418645
57748
290824
412782
662130
592120
263606
721439
747175
641787
861902
56965
146177
158599
912760
984998
92005
749273
351861
718279
77977
339308
676773
196032
336373
291256
9089
662058
998214
727544
589936
646878
108463
633720
63675
81862
188804
589090
368483
781868
486200
702240
453311
607260
198793
941256
848587
986632
999410
959568
775756
608017
816566
269229
284068
763490
33499
985143
903620
912486
273017
762193
256978
622740
944417
572426
970902
130566
819968
411693
113210
63867
622776
105753
921644
529873
65554
299208
837358
889621
566240
868187
252209
796344
342427
791165
245325
107747
706902
793583
6334
310666
197571
709794
113511
29165
226440
971691
634680
692949
734236
789297
786117
588935
413566
462917
451619
103768
293385
581809
254336
450888
169853
250722
506247
932820
651000
247757
847068
439856
633071
761476
288466
980957
955616
148223
352060
102509
789676
820063
760709
202144
915333
719100
316766
946871
682977
364865
762230
465289
376766
399668
737709
414507
960898
693010
360789
491824
412988
929016
244806
454606
139646
81912
118173
781219
773867
727890
674880
45852
673416
339508
829461
910897
777271
301866
807480
911815
733600
212403
479253
568508
656155
27548
161297
6316
96606
691177
296131
177386
972277
961421
382275
430946
556580
147651
697536
67368
121898
534901
903657
255822
261889
129758
732892
6439
886749
795402
337315
371719
696205
368949
672442
411137
188482
708117
686164
275776
336206
788014
74359
195742
283431
320742
388283
346667
725182
736564
152327
840315
701610
526628
60090
255662
276240
395679
707450
693833
856016
567284
49988
560242
96154
844601
843599
738319
126269
421350
73864
76968
34193
206370
231235
503109
750615
936611
718983
758808
972831
7814
696684
376547
807255
159745
400594
789633
396367
614929
697795
108941
398133
644102
89800
104841
437014
277340
235057
889922
667504
360229
584927
251988
38966
244966
759952
790654
924962
166467
580329
73354
775406
455377
266028
402520
261252
137292
775750
356210
526936
175228
161849
851815
769549
884944
538570
261748
929047
80703
594228
997353
365414
569845
646554
795890
654134
629504
865546
20466
730629
414686
417989
416875
381455
127663
895620
875107
345072
667296
46794
169606
30022
798722
307930
268973
245696
62028
384936
500542
508675
720384
59916
809640
703469
691631
433591
400036
693941
183458
979302
30469
422734
452500
239397
632539
917411
587119
376674
803356
479135
201293
133565
713423
182133
533086
343212
776572
783138
345049
890195
106148
444462
288433
570275
670105
536540
581307
596716
877814
444262
247464
466975
372172
849960
198345
175232
217167
664899
271273
889409
603353
57350
967068
634891
473407
641303
824043
968421
969347
443440
940447
988906
79953
520286
848506
817940
69214
567355
470720
679820
515
478617
144789
378546
338974
957793
362881
992810
814503
943100
650866
969821
885135
953917
521744
518156
709411
273644
412538
634278
505329
18386
633939
122961
976996
957260
686866
109806
960009
156234
766442
629931
644273
240784
683771
178168
620132
975070
117806
276650
859812
163634
982777
971276
181899
91656
735022
982493
318435
274436
107513
31213
824387
876432
499818
916979
561887
211098
446200
797834
492667
435884
928686
261678
860741
687619
872820
296056
640859
895825
428928
321857
451422
950278
29684
604062
684740
739388
519928
948980
90630
983340
380756
693451
630551
778183
354240
487118
835208
867663
885930
681989
691633
296316
431126
466073
477401
768670
744391
407967
599783
495883
193658
108461
117149
819304
363747
104247
748770
903092
728435
441770
743106
880592
596280
850515
648929
751572
150223
344687
612272
651896
562956
585305
544951
138046
68381
386198
485123
409352
181271
519761
26404
32012
926921
765503
307453
981065
304589
631987
946776
699953
327980
447990
20283
137563
972434
236273
390208
791722
96091
985691
281270
450531
608359
68335
720728
245767
464361
772428
43347
85186
367030
634422
779039
754653
143237
633950
554526
830016
508543
365162
769642
715447
45280
768905
176937
641081
671188
811848
122106
384896
361999
874308
878265
239958
624990
142557
795118
773289
929822
679259
115292
310503
346102
783264
682986
941307
844951
361462
286610
800312
871602
347523
74346
4818
353617
895233
476262
64456
799561
855538
814693
372360
493111
690741
38067
750781
10028
549717
240884
75114
759429
448768
988825
99129
481907
879780
775359
779740
133917
119430
87770
946349
391029
446746
816867
34036
384059
506480
482322
205280
118140
189498
772836
476441
138661
179693
279928
205222
299609
873255
870446
291094
300284
368187
686072
40859
687877
521824
432249
419945
736718
722842
103718
353251
966795
332120
487280
714059
451249
639833
959206
621318
638022
439225
982100
54520
31948
129159
455816
329747
605266
782417
950592
88020
934927
501110
541132
614590
781224
741995
475222
972292
892833
494926
923386
2002
227763
194936
372411
677519
692371
218668
597575
32858
427339
294104
469960
563431
145200
124828
550548
494448
950991
650472
960127
714604
610712
528537
697481
481539
161608
16547
319617
654551
688874
892420
857999
443424
93877
981264
991824
475311
148604
822966
165805
315103
378974
434465
243387
79076
536521
65432
595062
61856
88819
792889
10689
396164
408484
444492
139453
572672
232215
589783
274237
225985
524747
456700
833568
952182
402842
664941
675256
816135
261226
755517
711300
716150
892724
116458
377647
18784
417894
307385
592324
14797
718935
425364
766319
984713
248288
132307
527695
258344
828788
901183
867105
187589
805148
260820
878522
105570
544864
378281
350572
872886
399977
962141
326550
101812
439561
479949
653740
45174
303003
299031
684472
192863
989775
101520
541549
601557
725290
293033
936613
781062
938241
424363
458375
442120
896898
925757
336483
388653
251774
867652
21084
667585
360919
403114
615719
703029
956481
508436
580492
413517
278834
40996
537086
329913
984951
369616
792759
583462
460546
532579
9180
743549
132001
502151
377230
517040
66106
385087
965439
218480
745464
848514
693862
187960
864186
821687
589226
447394
315110
182088
381349
298297
883038
300214
145739
582885
291266
78440
782777
253404
440108
957625
457680
830834
884578
142551
83863
905905
881093
831894
761112
918165
528362
189971
755050
833868
449907
795592
145446
473862
285584
866508
938446
20642
180523
165813
157383
355250
603150
347153
505912
273395
733443
496734
964923
803245
493665
237272
839304
640248
647508
666163
381466
988482
338756
683729
308898
987203
268632
341387
344648
648632
24870
977288
613258
645069
461086
684930
430223
920369
40702
391716
676060
875841
527324
956175
439190
549331
857169
898719
650728
997547
552886
831637
383754
582268
590900
96007
825902
530507
537951
593680
765029
922689
578173
659740
128682
634970
264482
437587
968187
767430
865140
538581
307427
947976
154499
303499
152185
968641
679698
435324
181945
705533
803139
983084
47673
379484
302890
136913
217998
478273
856420
511473
547749
197537
811734
523237
286007
106050
168280
816264
694328
64947
334499
242011
363137
74627
749756
749752
60839
42766
48968
584663
198617
509396
404038
339961
762525
625760
828548
54007
500342
83207
758582
644646
366908
862660
439667
466788
934925
316967
256033
591556
442837
525710
291122
617020
550702
943648
294158
297703
994218
791214
338978
679543
775953
497370
719146
494092
305224
449748
349184
131923
639084
212168
499276
959188
139187
843615
150607
603164
485039
41129
109772
940145
541369
197973
92842
923363
300817
407226
976939
375648
882838
243251
303065
437864
673172
857642
355977
201426
117977
349718
176565
362706
286478
641199
435237
383805
431120
883098
696156
776234
145611
48789
199858
687017
741194
27821
190175
55083
130726
741102
631235
846531
844789
924169
631527
123781
503450
295150
902804
985245
953574
870137
94362
738808
217241
625831
933681
843546
180501
407092
583739
989766
681616
423703
303174
360533
546379
520523
457439
923998
192203
165123
762358
755404
692114
902488
868196
210972
905306
97145
905160
911179
62717
429798
338768
664817
238734
543057
984317
467916
98655
891405
842016
167262
940771
300588
764400
146530
51561
73980
387577
794823
459319
206050
569882
63354
711623
281115
240221
911813
683537
934235
277022
984923
789895
675179
702618
373693
164392
79218
507645
265234
101746
511680
521937
262247
386258
669627
393059
797740
648815
298798
707793
105153
981118
841700
613496
599393
57691
921948
459005
325423
487127
869899
970606
437802
761608
517764
111822
407010
868859
418368
528043
264360
586597
196896
357370
618774
267672
467810
127730
536062
355014
194842
196026
759675
412319
18191
517808
474050
171556
720117
175404
110270
442438
927361
881024
195128
425402
528935
183214
658581
940984
348179
549270
688476
746743
505028
293140
760966
639785
44082
190120
255443
920320
672576
299740
211684
358393
500121
681084
537634
96212
547604
324730
538010
99832
511001
615731
430293
282542
754701
965731
825260
704903
833476
161488
824075
483389
191689
101507
577527
3762
221001
262778
644302
237695
647861
552360
823301
332864
2659
133639
552971
394052
891093
597830
638062
446346
274736
382622
879776
88754
60967
729840
51758
417798
688969
831543
656301
11690
71305
874064
642316
583691
808491
463527
426438
509135
584955
470227
986370
398903
620477
560670
258731
305501
610559
365580
612542
704777
523838
347668
774354
222629
786908
870661
332808
590523
476058
694653
645574
188745
210216
253117
634740
189015
802200
85993
714823
980790
44773
971781
603259
88431
931789
462280
725872
138289
336199
552243
139211
394633
66219
288162
85745
182672
185721
190056
574898
142398
684983
713836
13033
82266
513383
754187
887786
35772
462359
795933
445928
238877
800170
483001
560484
729258
34497
909758
470009
375300
224620
449105
209428
133722
796027
321561
922935
195298
34394
260351
732006
405694
609106
469496
62942
111906
220459
399221
423615
861903
203879
829611
85743
883517
214691
208368
630535
847346
808928
741836
563155
751
856607
758117
518926
301151
753444
854586
662188
124965
317588
479026
269705
24160
837629
419985
192783
971005
595
223718
690439
958119
675260
658150
746013
118134
632923
608371
217225
874436
963784
856485
500467
9711
458780
508298
8376
233567
186590
281552
74181
406535
852918
609628
276484
318608
957784
106945
942961
804685
761871
996209
982343
206697
154491
562591
518999
44484
580758
274669
992048
42828
250617
981139
243786
665520
162835
959865
264553
253462
754531
616592
558555
118690
614271
852155
648629
37036
369075
545015
466443
871078
833076
338627
876200
577042
303428
510491
955436
468695
456677
275000
708485
918783
266989
593095
97289
661768
491556
670755
929699
8723
636607
587169
918409
131295
251271
261605
261273
177124
906359
844532
816605
610823
631892
950692
795809
93622
389265
53608
282311
583725
198494
923434
505652
320076
371185
860867
251752
785056
630713
456039
890222
749543
361845
657004
160067
485805
790533
882079
837146
788135
234869
501877
696512
764200
214970
24081
941367
991927
683225
353969
267040
824389
819968
216862
476277
99800
335034
630717
456034
765064
556222
951143
149071
193706
819153
282904
562516
177192
927402
237283
499095
622540
644826
344766
968219
318244
625396
860059
615782
598262
246353
802335
745079
31311
184285
760915
992558
362473
275519
807338
812008
383082
973644
659144
634836
952499
55614
678819
865740
949414
494828
246987
142354
806931
894601
171068
405409
235499
789140
156351
133282
688898
829085
666621
527665
901821
120631
824216
818423
819005
764579
723923
237922
608223
522751
918996
67596
297418
13098
195674
385846
176863
749227
941322
760942
804488
152523
227584
690735
212687
855847
217761
939719
467599
678541
551313
105292
137785
210914
833868
873609
398019
191222
707854
169021
268424
521358
967085
854292
261492
632580
694866
297163
313902
587667
186474
905242
635227
874198
842977
829728
85953
322944
395213
259468
499223
102453
92082
397661
816374
452067
631753
961341
312721
866341
471722
170241
741873
433855
997268
487242
935495
816622
159634
116194
486479
54346
362109
892784
893926
604305
170733
873764
447276
721912
225969
23297
722462
973313
656985
607421
141046
850368
586140
728760
273946
635904
255304
154367
958010
902623
279845
537691
542476
84868
401050
73749
692487
168437
152358
233973
891631
639558
194114
602459
316070
509548
491521
962878
6014
142848
765558
700670
596831
822005
239185
728232
329317
578291
650601
517482
366004
539038
294945
550195
740128
757514
934751
455443
843513
332949
822779
211642
810875
739500
865277
72353
831555
726163
461716
473757
17967
377512
834179
532088
90191
987043
540697
139395
333307
231540
664916
616331
321771
233691
940745
383733
353533
407867
906982
401857
424712
584968
826279
740034
725391
490929
140566
790574
464193
487762
232741
760623
412625
406668
496992
707343
513451
942205
410115
130157
68331
22793
728256
806224
194908
915260
195036
665352
1141
820115
563371
646986
216402
739461
931067
280595
260223
998234
276164
268416
611038
969759
493397
274226
737921
184662
859792
398050
797377
915138
527555
505303
116862
340806
952930
964764
658579
871840
272197
292958
842027
862185
606367
689980
536269
500806
369688
751583
706208
539868
719726
495552
248626
507789
315019
461814
800544
410113
93491
169111
907025
63677
205096
172578
688286
469774
175378
771791
961763
15288
195090
983742
124699
597468
373901
607125
832271
982679
619229
809290
767395
300906
93343
536900
983661
217804
789344
340584
918223
958831
329801
922330
361246
164176
51517
591388
45747
364317
977855
872946
842783
123490
610256
494100
658882
609372
813999
993629
181994
451412
302582
706693
921961
252941
17788
970600
294800
576222
179390
606621
472316
684001
175457
950528
466839
175375
156989
810961
352580
938445
614022
544643
926288
671423
257636
475668
101870
948726
233905
248391
442587
272930
648151
127799
578744
385791
194714
11480
500529
604434
106587
333875
148310
565347
266602
790147
459045
983455
411837
572000
256409
499603
49965
437991
68903
864642
581529
890295
938612
635015
78026
795929
818780
950311
817734
777886
882077
6062
305520
809320
36287
109243
477750
810460
817768
238471
602588
803127
955485
836447
902405
440982
728953
248492
739553
819451
125698
799487
803619
390518
429305
985950
446998
939393
777200
789838
620780
875746
418135
319757
372607
429487
745591
552280
958273
279168
942151
125949
409720
958807
489180
249749
417390
76541
595696
837748
691309
571887
52998
702404
971866
247237
339642
872589
732499
541502
795777
227486
222204
873162
535961
137115
583854
406547
789390
206984
640216
156273
332580
886019
962323
449921
683890
354628
681123
799519
343559
71454
560789
629746
588419
623197
567495
535123
992313
457479
933039
682776
336576
536790
800760
931714
407739
195719
119084
550812
537969
787819
963542
272715
18037
456088
461022
223948
989390
173422
343238
396939
750595
102182
73535
746687
775223
675650
294726
769548
499261
61490
74268
302511
432750
798631
322561
472662
818328
670847
642228
385134
366865
871058
41478
6155
382902
309534
509832
437070
507540
706643
575580
789458
500803
935359
166666
667120
156236
495044
474185
207318
993883
240316
734106
204883
736216
781026
323881
113655
22231
905349
415959
809983
31084
156111
41079
695030
698248
430904
878676
468054
240960
464268
830567
40626
666083
833256
337451
808112
308253
691164
196226
329718
607741
679768
390689
245986
501392
233319
573695
121741
774955
516444
744257
1920
77764
942595
755529
709782
328659
125308
964664
298916
13166
204420
176858
182492
739099
958485
219197
239166
980613
53329
207953
475074
500806
221065
651049
644628
963762
617146
63244
302116
292668
392070
326903
12409
786120
337139
247862
841693
261540
9649
534695
96747
770825
593640
986461
792585
303253
790308
870491
988037
8241
291559
788605
305203
69043
822430
30663
674083
537665
892938
297448
619300
660822
279522
191143
74825
765204
364378
437065
541475
178690
673123
474617
183375
368606
308779
179217
127907
642341
912663
145112
52746
279799
843175
48339
715696
490682
687655
677196
108006
686363
232009
85760
372997
537620
584357
400527
792860
263730
541409
571146
696294
942224
523493
212721
527934
756492
294447
312850
815516
280616
813574
363041
485120
100531
567786
444804
748856
71446
344167
679319
811308
755450
438795
992886
945336
480912
493750
759517
653397
940820
692246
979543
769406
882602
584232
846439
513112
999843
591429
14282
290918
417483
947920
349350
241716
381899
966490
419431
490028
683918
619947
63856
820209
729622
10421
304684
641916
85423
803422
398648
167189
446476
146792
76917
552805
250169
971639
999878
116583
30903
136116
724045
986850
15277
121947
601091
961668
254557
829005
34748
956357
490390
208745
564723
713778
469843
398700
570369
184402
392031
236541
972296
110690
309405
642581
705292
515081
385402
384448
300065
104391
250262
306168
185316
723696
333640
251077
299335
647206
773791
745945
34736
365374
335611
12980
384460
440593
568682
367690
164723
825228
733370
888977
621231
491115
250923
706224
969175
237267
955202
744616
964336
614340
517927
203604
32804
514689
430094
353589
794392
745899
161626
610883
758172
845922
315765
534481
654973
773289
974955
514477
730060
38706
445729
427563
546112
919778
11604
785916
386569
92409
164055
548845
575691
902696
843496
491279
129572
168906
212243
484558
304676
245444
650195
728455
437539
74483
268814
767113
895970
891037
668077
198436
820516
55091
410648
110308
220908
692801
899045
98489
65243
531122
974000
962308
939096
674117
348194
880522
584411
433020
273805
633954
527958
72822
921899
646185
697845
792398
634522
677498
22205
633282
714573
70304
634604
626583
273892
850939
988793
615608
857245
291409
16886
288519
203353
847774
860572
47725
862976
421488
85375
29965
378009
813821
553747
567013
75897
398284
211161
989400
502918
922946
774877
467336
311899
749673
944012
663470
446484
613138
312894
489348
310933
245264
222856
998498
926215
944532
623283
784617
636705
473464
11139
208234
201504
495979
386139
73854
655113
553437
92227
912184
659209
970080
695827
193425
126776
553886
457040
63124
712120
621571
701987
974149
849387
352265
314613
822840
408189
161668
517444
748524
744145
386912
495067
357789
541413
240290
491596
760670
453524
505542
959732
407235
630241
628456
846619
887603
921335
282630
686964
83799
990521
359497
759016
866541
545924
716601
36611
188634
883799
170446
987098
229974
2057
294473
506442
496500
61339
277132
664297
724862
912907
213778
527862
265980
778060
343541
961687
40668
898446
60781
775888
532538
302854
296790
346351
28197
926727
922630
918400
861919
859476
366869
868276
866263
285567
632665
566545
949231
833350
862467
913178
213731
355354
864508
929377
181817
504783
516982
550080
106104
717225
573072
881734
723156
876469
974051
794439
996210
756175
402226
820966
695149
741779
163719
587918
597677
629454
738808
438353
353139
500194
670707
991102
911703
932165
693453
818529
885111
476926
670012
49145
17950
423484
324683
275412
405388
911914
380148
479081
761403
292571
935717
822821
732053
152009
691024
527705
819520
675236
260323
93328
932389
356094
397199
640637
320178
219297
997518
663149
263923
836918
313835
953061
247299
121636
164239
953480
7250
981536
515370
588232
585619
208559
50709
58287
66296
613036
202133
534875
531218
65102
79320
961706
859019
427326
679624
395163
58218
405676
105892
85543
791403
920351
359232
981276
909083
156160
132288
826982
406818
915713
115338
373398
13924
53300
729607
542607
900181
930665
782266
169142
415787
508217
718382
939757
195738
320949
369679
29787
122840
431431
338000
579229
45996
313537
685708
563728
533688
72339
905362
935123
1802
336845
671000
739245
777063
711901
241418
16631
317180
668334
966773
746828
289926
673532
314011
908472
288448
176049
299383
733460
848
558790
495115
325964
536580
712153
732264
665511
897805
44861
999020
72293
479802
874252
248693
387336
774359
484476
342285
654558
241210
745609
474200
245965
584660
110840
789753
337519
739967
640601
78866
735015
77878
895085
485554
103948
224846
710049
59199
329896
711990
782584
871082
775662
244866
923031
25234
600113
289947
15948
554958
399549
373326
103330
973130
482841
324169
539881
685092
536408
924806
149253
359052
358652
769527
53079
599803
686154
936122
288765
214445
696171
31796
580251
388865
368838
560951
708950
618936
765561
865829
261177
64959
304193
873708
748289
943982
491742
818969
766122
711393
169675
951930
718472
892313
623627
751577
720985
142226
650035
966613
838189
169825
971170
335408
217127
902314
597956
55795
737042
780197
693354
964864
527445
615441
682490
762484
2202
326527
327360
950810
524511
396801
545615
557003
989905
741679
815372
654153
332182
132234
807362
591096
697959
176542
660535
14033
941999
676817
541378
955665
486092
306029
185364
643409
541721
704444
102408
744656
580917
300054
361245
253870
930684
162341
881774
827313
151391
356284
978516
768670
111470
975946
934649
464925
504016
77036
428576
343537
274861
619546
916235
401507
353234
871233
578446
449987
638045
261982
287732
705160
566682
38565
675685
74704
429520
806212
435968
862823
521286
723445
248908
532622
19960
384349
30028
665329
232473
27041
294268
827943
439182
841932
709042
581127
576547
576324
560794
429886
373126
737168
940782
181703
849510
547548
188300
761654
434987
889326
457251
662244
243177
774244
610462
551350
66513
444409
873500
513343
32823
104136
156485
188854
351994
239219
521042
751759
71282
568583
42242
957974
745
780318
60703
446538
873574
966541
499707
178492
863671
30955
301961
58317
308813
710416
734145
784819
588109
590245
66132
11165
36155
547678
909061
52665
970747
628334
717097
634632
221725
190305
450099
562532
424603
320057
592963
2963
49437
623584
896414
72709
181002
172230
642421
524610
94721
613653
101220
890051
234579
950973
680328
359076
596071
316068
359344
765632
748511
398719
516448
141722
954521
539587
615826
278536
561738
401206
230448
8831
747010
176826
264334
209182
293621
54606
66558
61712
130503
18977
325084
496856
620059
396441
50295
395761
650301
925622
507167
168261
996693
716869
232299
888797
354887
278598
358659
719277
673465
605394
718157
971251
708528
899718
159176
357456
830594
37174
12502
567243
673010
198722
570026
134304
380525
686299
628893
609968
885837
876086
587427
875361
65317
615992
192503
680851
481292
663526
869902
722888
685449
45732
871519
821081
871647
257943
106974
583918
433481
705380
696702
21227
323243
808569
726394
17422
894006
813183
395094
677241
397926
856567
379347
442052
653175
903362
640819
290303
684432
828675
362755
136559
882388
981648
230589
121654
850204
692995
343715
220432
917076
499410
658460
429512
936735
55240
265062
945921
942855
866959
265478
709764
141915
997586
850710
324903
188953
577526
310851
830938
951017
653415
455768
478653
935603
167722
687306
448358
30666
268352
212898
100450
579065
282017
241254
154393
76526
919796
359164
843097
558814
241963
537016
547642
755421
542909
655365
271509
770036
339208
293455
335385
85740
846323
570313
718950
803903
573217
645755
678963
84253
762000
891768
598053
748293
226102
161908
406426
113357
44670
233448
832251
295388
239974
725840
548252
500805
959638
855379
697296
923799
858469
173069
488043
143433
691666
245786
361809
788628
717259
45649
97922
604008
659285
440381
940919
516422
760189
737401
59025
103610
378823
706983
471389
136543
224387
160239
221851
958705
365825
937206
668892
91672
33584
514238
398615
576690
152033
869373
981037
792472
328486
698044
316998
785419
654037
896434
639950
699545
746395
470031
826826
536137
796428
769859
26542
856612
875584
515062
462064
598084
37811
414681
621500
962224
773037
147282
851048
39283
849825
257436
232068
232003
768659
721668
810671
665574
556582
282153
69580
167674
657520
46387
674822
735648
717435
342469
612212
512449
654939
878877
587228
780761
696030
677397
144491
575340
426898
428491
831952
258044
684594
590329
276787
479712
493039
354656
632477
515756
816210
427367
719354
992134
358311
885205
5156
677697
489029
183961
187431
723131
207860
495771
475298
891419
749403
9299
11861
863087
995623
793829
777670
146855
728982
519434
856152
883938
679765
44636
392425
216457
122946
842847
271286
539729
689590
435952
848445
862957
348435
519234
615867
915760
30967
255324
310618
554867
247224
773176
541216
741212
599363
234431
859435
924956
47701
484089
47569
97565
756879
68453
433945
915338
414995
565712
75102
951185
868286
201216
19179
776202
106456
368477
655228
633784
580225
395215
864914
880798
804781
316141
976349
937829
231689
690400
580921
275254
730081
519650
836669
948221
625360
175848
397959
482753
286107
463471
996202
885825
968388
404866
772081
58019
809516
487991
523259
137021
114744
391168
145708
757924
233275
3745
492760
879632
899046
372532
714499
456262
638656
554653
450585
203001
433896
967382
626446
926634
296856
304390
942517
237979
624466
657003
726367
123790
204201
709586
136912
558679
695865
558527
664298
794311
237877
391164
137060
492881
852429
409441
555799
833957
508243
984925
999538
855629
779193
855075
508624
836291
245319
655921
196645
820969
465223
661486
996049
27875
872589
527867
141274
36309
469542
384931
513978
553763
197871
564776
92352
224469
121242
42821
76464
263647
784564
112888
190227
216843
242629
67570
546041
84472
853389
155991
349225
593317
158962
580389
136309
882292
875859
794242
137895
467642
809598
109069
683174
819425
174700
782337
977651
264045
159497
373967
694836
870841
345305
809226
233199
972599
930546
605603
425770
709654
800672
789747
951452
969963
722249
258724
27252
674188
278221
111345
301237
699293
782617
661761
47030
380125
230271
739601
651239
806444
474213
410828
666128
506281
105464
711088
579486
41800
717261
105610
405184
229516
559586
176391
587408
379420
952592
741285
897604
495450
72589
630843
158381
860461
564886
705695
943288
550325
31238
548855
344059
839100
502248
701486
570250
518983
12791
148991
573848
859304
907143
350663
989404
16642
735153
714282
327953
266801
862341
83600
769624
319150
3808
997202
614292
694755
187783
542197
835822
769974
813700
65066
289314
804380
333562
300839
625513
123903
714836
555115
89636
133860
297274
839442
875658
451374
671453
760284
644168
63540
368144
39103
188888
849053
275770
740414
381703
685621
523111
603208
911592
664579
183747
408198
583652
953152
696580
821219
969868
8589
960347
540980
379056
234726
839706
575024
385896
579022
10722
29516
350040
917040
711280
169196
370255
344221
306409
644331
957410
930891
44471
242666
743524
843627
555263
708772
527686
709995
569798
290508
831023
194696
124875
500925
975370
573540
25531
787540
124568
825672
116402
657991
178287
208579
985790
620763
411318
640198
904700
422286
645147
684365
426133
705783
266367
411804
418040
583629
565074
838151
412739
191821
981665
26669
858311
193623
989877
37628
819780
439621
30076
170711
610132
869766
625097
522441
577285
378875
430406
923723
380187
347828
938491
813264
504347
134415
253902
328956
542483
342853
771225
64614
887476
435509
285235
269010
961977
153226
131603
728690
234914
215563
455399
16786
242007
97282
964493
208684
744003
96870
951731
443710
353070
620246
97757
288346
642745
340548
523174
354646
602303
50112
353713
596448
827458
422665
844123
990695
65593
23221
878909
683178
869205
896020
231183
885380
685417
628858
774214
972491
432817
3115
646034
142421
265520
729160
867027
877229
238313
333827
882342
902774
883568
654736
558609
733031
670018
340045
703170
882981
442824
68972
965006
924810
355656
768574
11473
86392
379858
96364
560588
463319
50380
647906
649280
99289
232659
572917
497952
439897
125612
271564
242093
96075
816384
73796
260770
683304
79345
493194
638932
513247
444473
704505
564983
246416
852490
983320
437131
582370
277992
798533
921747
68690
37209
853080
20800
426743
156333
454242
161671
808677
304463
414251
516295
436164
937421
822087
715452
388026
413353
678116
952605
547875
901703
814579
184940
829308
139758
276094
816159
540956
803223
682486
276693
891727
127849
153986
520654
822955
755093
322521
278864
43227
987827
589554
390923
39481
312350
106755
315343
414463
338353
839077
236172
987729
563025
470494
595667
716448
766858
860258
45570
328725
530116
219498
676283
847714
224637
983134
777750
154455
178864
952696
539654
638707
457739
151758
927488
835290
876948
511210
253232
870267
758060
438933
324289
635227
458368
530276
509724
194500
361652
392243
279673
306476
671713
317790
486758
797251
413026
516285
998429
499552
787947
991976
781857
423306
994418
436469
618416
782428
259375
999329
693705
822774
369416
41771
353451
768278
714917
518849
456756
475082
280281
877560
159830
214203
101942
314404
26602
889189
923356
698030
255775
564440
737689
740589
668010
900342
105608
96693
436852
514925
754330
312449
863772
873258
717393
634416
662165
603085
262839
836258
613231
216750
851517
531344
940335
450781
850201
428127
784821
141083
411338
507351
681572
964600
475962
105925
717097
120545
290819
338915
636745
92567
514775
753899
579201
423508
100174
699186
412559
415868
293442
989298
98552
323112
404315
216137
89504
753292
661598
218068
808967
436431
29106
200822
236005
685604
893726
966820
371349
176315
88829
9022
384396
799562
687459
821042
316098
186460
352303
908060
550675
740055
74370
283289
20265
721334
649738
749685
288852
942604
99906
399680
149820
563150
957027
403600
130410
904347
572500
400239
575766
273553
789537
132947
567168
211196
886070
239707
234585
483472
37345
330117
628390
816633
881719
241487
175518
569683
529062
346853
52084
632666
364873
566962
473331
764242
139497
59866
46101
704468
259982
553711
368529
90209
584992
524090
971755
204286
480072
456753
422150
865846
694465
442839
837296
190175
67209
26723
313268
794448
694050
398899
343963
350397
973903
667008
174008
447288
83884
994043
12064
934492
624859
542371
275866
326255
601593
146620
494851
605066
198623
226939
4508
773004
325553
212014
730290
489376
289465
79157
309410
564478
70715
943813
62305
321086
197271
817109
730369
699419
530409
248088
903427
661076
220933
32174
400885
242889
772074
914887
908282
235049
419627
223636
524758
389660
798501
438638
131630
705822
351763
823372
91808
776922
341566
816336
589508
983864
514876
885301
347250
744071
405346
360112
407215
489268
240731
223421
522787
4144
432226
960024
541241
276754
378831
622012
821390
285734
647211
800953
34496
306402
250599
350438
708724
549420
434340
919419
363389
610824
4323
322696
175247
471275
683728
81076
4687
839197
898494
252795
796558
199441
987051
747125
472116
56350
366436
873084
82294
349017
467831
555531
742769
777625
104587
41710
513182
192151
155971
283533
604160
530955
343221
563493
852867
84077
579231
908482
937750
612309
755767
938452
452594
241673
939165
68463
785036
99786
826576
572841
289582
546210
482039
382028
506713
993391
441387
654318
162504
504121
584536
89819
69419
278873
671983
956298
266731
583459
986166
526796
189847
684866
379042
235390
342133
153994
905726
2786
132717
414353
503210
737079
943315
668451
418140
271533
718223
303611
755934
849050
537353
29751
459306
540346
394821
914322
102046
289245
191889
815144
266026
750073
440216
723381
495878
44438
135017
244049
219379
813854
971730
242512
668584
674989
434081
819486
177251
93772
175469
805896
916639
573916
190292
530509
205095
599483
481999
159676
638645
92521
977047
609656
195575
82021
472342
988203
953548
433128
842038
326973
440119
472972
971723
193819
971064
203989
46936
337778
970166
359677
202926
209477
497516
354298
824728
559053
552872
786234
188753
731938
755638
654285
276215
710298
244970
310651
425582
947736
319784
665969
804610
684071
254929
211043
336303
537353
494013
309504
586316
437536
829866
267964
804668
201266
288476
70102
832925
137448
487797
662380
469964
39581
923627
188988
382271
934151
381303
438295
325450
539017
222575
509097
696592
103056
559950
362630
964618
947440
87614
279517
476606
475191
559706
381916
457409
461963
522394
984137
366938
891125
268948
19519
453941
361170
581122
217290
924788
559220
472882
128528
649353
583245
79884
283773
505984
437987
679155
197076
897072
776102
275929
947417
686388
962181
700579
858432
516815
700283
467861
937334
418438
342847
639906
518969
631758
644988
510171
773491
479856
188449
118067
776879
728135
85221
389697
319792
134216
406458
143848
492163
401626
493521
424056
254750
131259
952302
82950
375900
577812
216851
633599
858410
457686
577944
153808
966174
137239
29217
991283
69929
484418
122642
923177
545253
394840
829038
728695
719762
43006
914682
974792
101691
444365
348356
118512
173740
5547
672874
874986
205107
589753
762605
327870
296008
417533
431827
39547
184124
626941
242418
689496
354914
850380
799079
125493
388869
184112
425466
412616
314227
481021
85896
137231
979861
19014
521669
955521
